5.954155921936035
6.260388374328613
7.701799392700195
6.7978925704956055
5.840824127197266
7.570603847503662
6.720684051513672
6.881787300109863
6.817505836486816
5.553205490112305
7.031249046325684
7.489762306213379
5.965460300445557
6.792384624481201
6.8370866775512695
7.132547378540039
7.123173713684082
6.484793186187744
6.8603105545043945
6.183312892913818
5.386066436767578
5.938703536987305
7.11968994140625
6.958503723144531
6.864728927612305
6.913573741912842
5.716291427612305
5.281400680541992
6.909424304962158
5.966141700744629
