5.954154968261719
6.260388374328613
7.701799392700195
6.797893047332764
5.840823650360107
7.570605278015137
6.72068452835083
6.881787300109863
6.817505836486816
5.553205490112305
7.031249046325684
7.489762306213379
5.965460777282715
6.792384624481201
6.837087631225586
7.1325483322143555
7.123173713684082
6.484792232513428
6.860311508178711
6.183314323425293
5.386066436767578
5.938703536987305
7.11968994140625
6.958502769470215
6.8647284507751465
6.913573265075684
5.716291904449463
5.281399726867676
6.909424304962158
5.966141700744629
